0
84
84
1
1
1
2
0
1
1
21888242871839275222246405745257275088548364400416034343698204186575808495616
0
1
2
1
2
0
1
2
21888242871839275222246405745257275088548364400416034343698204186575808495616
0
1
3
1
2
0
1
3
21888242871839275222246405745257275088548364400416034343698204186575808495616
0
1
4
1
2
0
1
4
21888242871839275222246405745257275088548364400416034343698204186575808495616
0
1
5
1
2
0
1
5
21888242871839275222246405745257275088548364400416034343698204186575808495616
0
1
6
1
2
0
1
6
21888242871839275222246405745257275088548364400416034343698204186575808495616
0
1
7
1
2
0
1
7
21888242871839275222246405745257275088548364400416034343698204186575808495616
0
1
8
1
2
0
1
8
21888242871839275222246405745257275088548364400416034343698204186575808495616
0
1
9
1
2
0
1
9
21888242871839275222246405745257275088548364400416034343698204186575808495616
0
1
10
1
2
0
1
10
21888242871839275222246405745257275088548364400416034343698204186575808495616
0
1
11
1
2
0
1
11
21888242871839275222246405745257275088548364400416034343698204186575808495616
0
1
12
1
2
0
1
12
21888242871839275222246405745257275088548364400416034343698204186575808495616
0
1
13
1
2
0
1
13
21888242871839275222246405745257275088548364400416034343698204186575808495616
0
1
14
1
2
0
1
14
21888242871839275222246405745257275088548364400416034343698204186575808495616
0
1
15
1
2
0
1
15
21888242871839275222246405745257275088548364400416034343698204186575808495616
0
1
16
1
2
0
1
16
21888242871839275222246405745257275088548364400416034343698204186575808495616
0
1
17
1
2
0
1
17
21888242871839275222246405745257275088548364400416034343698204186575808495616
0
1
18
1
2
0
1
18
21888242871839275222246405745257275088548364400416034343698204186575808495616
0
1
19
1
2
0
1
19
21888242871839275222246405745257275088548364400416034343698204186575808495616
0
1
20
1
2
0
1
20
21888242871839275222246405745257275088548364400416034343698204186575808495616
0
1
21
1
2
0
1
21
21888242871839275222246405745257275088548364400416034343698204186575808495616
0
1
22
1
2
0
1
22
21888242871839275222246405745257275088548364400416034343698204186575808495616
0
1
23
1
2
0
1
23
21888242871839275222246405745257275088548364400416034343698204186575808495616
0
1
24
1
2
0
1
24
21888242871839275222246405745257275088548364400416034343698204186575808495616
0
1
25
1
2
0
1
25
21888242871839275222246405745257275088548364400416034343698204186575808495616
0
1
26
1
2
0
1
26
21888242871839275222246405745257275088548364400416034343698204186575808495616
0
1
27
1
2
0
1
27
21888242871839275222246405745257275088548364400416034343698204186575808495616
0
1
28
1
2
0
1
28
21888242871839275222246405745257275088548364400416034343698204186575808495616
0
1
29
1
2
0
1
29
21888242871839275222246405745257275088548364400416034343698204186575808495616
0
1
30
1
2
0
1
30
21888242871839275222246405745257275088548364400416034343698204186575808495616
0
1
31
1
2
0
1
31
21888242871839275222246405745257275088548364400416034343698204186575808495616
0
1
32
1
2
0
1
32
21888242871839275222246405745257275088548364400416034343698204186575808495616
0
1
33
1
2
0
1
33
21888242871839275222246405745257275088548364400416034343698204186575808495616
0
1
34
1
2
0
1
34
21888242871839275222246405745257275088548364400416034343698204186575808495616
0
1
35
1
2
0
1
35
21888242871839275222246405745257275088548364400416034343698204186575808495616
0
1
36
1
2
0
1
36
21888242871839275222246405745257275088548364400416034343698204186575808495616
0
1
37
1
2
0
1
37
21888242871839275222246405745257275088548364400416034343698204186575808495616
0
1
38
1
2
0
1
38
21888242871839275222246405745257275088548364400416034343698204186575808495616
0
1
39
1
2
0
1
39
21888242871839275222246405745257275088548364400416034343698204186575808495616
0
1
40
1
2
0
1
40
21888242871839275222246405745257275088548364400416034343698204186575808495616
0
1
41
1
2
0
1
41
21888242871839275222246405745257275088548364400416034343698204186575808495616
0
1
42
1
2
0
1
42
21888242871839275222246405745257275088548364400416034343698204186575808495616
0
1
43
1
2
0
1
43
21888242871839275222246405745257275088548364400416034343698204186575808495616
0
1
44
1
2
0
1
44
21888242871839275222246405745257275088548364400416034343698204186575808495616
0
1
45
1
2
0
1
45
21888242871839275222246405745257275088548364400416034343698204186575808495616
0
1
46
1
2
0
1
46
21888242871839275222246405745257275088548364400416034343698204186575808495616
0
1
47
1
2
0
1
47
21888242871839275222246405745257275088548364400416034343698204186575808495616
0
1
48
1
2
0
1
48
21888242871839275222246405745257275088548364400416034343698204186575808495616
0
1
49
1
2
0
1
49
21888242871839275222246405745257275088548364400416034343698204186575808495616
0
1
50
1
2
0
1
50
21888242871839275222246405745257275088548364400416034343698204186575808495616
0
1
51
1
2
0
1
51
21888242871839275222246405745257275088548364400416034343698204186575808495616
0
1
52
1
2
0
1
52
21888242871839275222246405745257275088548364400416034343698204186575808495616
0
1
53
1
2
0
1
53
21888242871839275222246405745257275088548364400416034343698204186575808495616
0
1
54
1
2
0
1
54
21888242871839275222246405745257275088548364400416034343698204186575808495616
0
1
55
1
2
0
1
55
21888242871839275222246405745257275088548364400416034343698204186575808495616
0
1
56
1
2
0
1
56
21888242871839275222246405745257275088548364400416034343698204186575808495616
0
1
57
1
2
0
1
57
21888242871839275222246405745257275088548364400416034343698204186575808495616
0
1
58
1
2
0
1
58
21888242871839275222246405745257275088548364400416034343698204186575808495616
0
1
59
1
2
0
1
59
21888242871839275222246405745257275088548364400416034343698204186575808495616
0
1
60
1
2
0
1
60
21888242871839275222246405745257275088548364400416034343698204186575808495616
0
1
61
1
2
0
1
61
21888242871839275222246405745257275088548364400416034343698204186575808495616
0
1
62
1
2
0
1
62
21888242871839275222246405745257275088548364400416034343698204186575808495616
0
1
63
1
2
0
1
63
21888242871839275222246405745257275088548364400416034343698204186575808495616
0
1
64
1
2
0
1
64
21888242871839275222246405745257275088548364400416034343698204186575808495616
0
1
65
1
2
0
1
65
21888242871839275222246405745257275088548364400416034343698204186575808495616
0
1
66
1
2
0
1
66
21888242871839275222246405745257275088548364400416034343698204186575808495616
0
1
67
1
2
0
1
67
21888242871839275222246405745257275088548364400416034343698204186575808495616
0
1
68
1
2
0
1
68
21888242871839275222246405745257275088548364400416034343698204186575808495616
0
1
69
1
2
0
1
69
21888242871839275222246405745257275088548364400416034343698204186575808495616
0
1
70
1
2
0
1
70
21888242871839275222246405745257275088548364400416034343698204186575808495616
0
1
71
1
2
0
1
71
21888242871839275222246405745257275088548364400416034343698204186575808495616
0
1
72
1
2
0
1
72
21888242871839275222246405745257275088548364400416034343698204186575808495616
0
1
73
1
2
0
1
73
21888242871839275222246405745257275088548364400416034343698204186575808495616
0
1
74
1
2
0
1
74
21888242871839275222246405745257275088548364400416034343698204186575808495616
0
1
75
1
2
0
1
75
21888242871839275222246405745257275088548364400416034343698204186575808495616
0
1
76
1
2
0
1
76
21888242871839275222246405745257275088548364400416034343698204186575808495616
0
1
77
1
2
0
1
77
21888242871839275222246405745257275088548364400416034343698204186575808495616
0
1
78
1
2
0
1
78
21888242871839275222246405745257275088548364400416034343698204186575808495616
0
1
79
1
2
0
1
79
21888242871839275222246405745257275088548364400416034343698204186575808495616
0
1
80
1
2
0
1
80
21888242871839275222246405745257275088548364400416034343698204186575808495616
0
1
81
1
2
0
1
81
21888242871839275222246405745257275088548364400416034343698204186575808495616
0
1
82
1
2
0
1
82
21888242871839275222246405745257275088548364400416034343698204186575808495616
0
1
83
1
2
0
1
83
21888242871839275222246405745257275088548364400416034343698204186575808495616
0
1
84
1
2
0
1
84
21888242871839275222246405745257275088548364400416034343698204186575808495616
0
